4294967279,47
4294967279,40
4294967279,39
4294967279,37
4294967279,28
4294967279,26
4294967279,25
4294967279,23
4294967279,17
4294967278,132
4294967278,130
4294967278,129
4294967278,127
4294967278,121
4294967278,120
4294967278,119
4294967278,118
4294967278,116
4294967278,111
4294967278,106
4294967278,105
4294967278,104
4294967278,102
4294967278,96
4294967278,95
4294967278,94
4294967278,93
4294967278,82
4294967278,80
4294967278,64
4294967278,61
4294967279,174
4294967279,96
4294967279,95
4294967279,94
4294967279,93
4294967279,92
4294967279,91
4294967279,90
4294967279,89
4294967279,86
4294967279,85
4294967279,63
4294967279,16
4294967279,15
4294967279,12
4294967279,7
4294967278,378
4294967279,364
4294967279,289
4294967278,431
4294967279,281
4294967278,340
4294967278,150
4294967278,149
4294967278,148
4294967278,140
4294967279,138
4294967278,134
4294967278,299
4294967278,287
4294967279,362
4294967278,302
4294967279,547
4294967278,294
4294967278,434
4294967294,900
4294967294,401
4294967294,962
4294967279,14
4294967279,351
4294967278,312
4294967279,263
4294967279,261
4294967278,285
438,7
4294967279,275
438,6
438,5
4294967279,258
438,4
438,3
438,2
438,1
4294967278,416
4294967279,257
4294967279,514
4294967279,321
4294967279,254
4294967279,522
4294967279,253
4294967278,258
4294967294,38
4294967278,257
4294967278,437
4294967278,375
4294967278,326
4294967278,325
4294967279,320
4294967278,324
4294967294,41
4294967279,305
4294967294,45
4294967294,427
4294967278,322
4294967279,273
4294967279,242
4294967294,36
4294967294,39
4294967294,1416
4294967278,323
4294967278,425
4294967279,303
4294967278,253
4294967279,249
4294967278,250
4294967279,248
4294967279,247
4294967279,245
4294967279,239
4294967294,42
4294967279,243
4294967278,242
4294967279,241
4294967279,240
4294967278,240
4294967294,99
4294967294,53
4294967294,417
4294967294,51
4294967279,237
4294967278,237
4294967279,236
4294967278,236
4294967294,904
4294967294,186
4294967279,235
4294967278,234
4294967279,233
4294967294,83
4294967279,342
4294967294,5
4294967294,91
4294967294,90
4294967294,87
4294967294,86
4294967294,84
4294967278,231
4294967279,546
4294967279,260
4294967278,228
4294967278,441
4294967279,228
4294967278,226
4294967279,225
4294967278,224
4294967278,283
4294967279,223
4294967279,292
4294967278,222
4294967279,221
4294967279,219
4294967278,213
4294967279,217
434,6
4294967278,216
434,5
4294967279,215
434,4
4294967278,214
434,3
434,2
434,1
4294967279,309
4294967294,89
4294967279,211
4294967279,210
4294967278,209
4294967279,97
4294967279,209
4294967279,558
4294967278,208
4294967279,208
4294967278,207
4294967294,1414
4294967278,206
4294967279,206
4294967278,203
4294967278,205
4294967279,205
4294967278,204
4294967278,260
4294967278,0
4294967278,91
4294967279,204
4294967279,87
4294967278,202
4294967279,202
4294967278,201
4294967279,201
4294967279,352
4294967278,200
4294967279,200
4294967278,199
4294967294,946
4294967294,970
4294967294,395
4294967294,413
4294967294,178
4294967294,167
4294967294,169
4294967294,400
4294967279,545
4294967279,365
4294967278,83
4294967278,317
4294967278,195
4294967294,1417
4294967279,527
4294967278,194
4294967278,311
4294967278,193
4294967294,8
4294967278,192
4294967294,7
4294967279,189
431,6
431,5
4294967278,190
431,4
431,3
431,2
431,1
4294967279,534
4294967278,189
4294967279,541
4294967294,81
4294967294,50
4294967294,9
4294967279,300
4294967279,0
4294967278,186
4294967278,427
4294967279,347
4294967278,185
4294967279,185
4294967294,37
4294967294,973
4294967294,967
4294967278,71
4294967278,184
4294967278,419
4294967279,312
4294967278,183
4294967279,182
4294967278,181
4294967279,179
4294967279,181
4294967278,180
4294967278,179
4294967294,40
4294967294,22
4294967278,62
4294967279,178
4294967278,177
4294967279,177
4294967278,176
4294967294,472
4294967278,175
4294967279,175
4294967278,171
4294967278,396
4294967279,59
4294967278,170
4294967294,388
4294967278,169
4294967279,169
4294967279,293
4294967278,168
4294967279,167
4294967278,166
4294967278,162
428,8
4294967278,165
428,7
428,6
4294967278,164
428,5
428,4
4294967278,163
428,3
428,2
428,1
4294967279,163
4294967278,291
4294967294,394
4294967294,24
4294967294,471
4294967294,469
4294967279,378
0,5
4294967278,158
4294967294,389
4294967294,2
4294967279,46
4294967279,564
4294967278,157
4294967278,389
4294967279,157
4294967278,156
4294967278,155
4294967278,151
4294967278,154
4294967278,153
4294967279,152
4294967278,152
4294967278,263
4294967279,151
0,7
4294967294,903
4294967294,46
4294967294,1
4294967294,436
4294967294,0
4294967294,424
4294967294,94
4294967294,96
4294967294,17
4294967294,67
4294967294,76
4294967294,92
4294967294,88
4294967294,85
4294967294,419
4294967294,950
4294967294,949
4294967294,29
4294967294,921
4294967294,28
4294967294,920
4294967294,27
4294967294,26
4294967294,52
4294967294,44
4294967279,373
4294967278,428
4294967294,6
4294967294,93
4294967294,95
4294967294,43
4294967294,25
4294967294,82
4294967293,131
4294967293,130
4294967293,129
4294967293,128
4294967293,127
4294967293,126
